  0.13775067   0.87761028   0.82799091   0.41343925   0.87547190   0.85214023   0.58594375   0.85934473   0.65622152   0.87774324   0.82612264   0.40984537   0.87746455   0.85107302   0.58437788   0.85898200   0.65182182   0.87772820   0.82548753   0.40866151   0.87736125   0.85072994   0.58387047   0.85912926   0.65200550   0.25363490   0.25420875   0.25522388   0.25396825   0.25411765   0.25411765   0.25174825   0.25468165   0.73339248
  0.90666957   0.75076792   0.86760749   0.96302266   0.77853391   0.89864599   0.96352792   0.81893492   0.94531694   0.74995725   0.86609469   0.96378217   0.77795769   0.89765397   0.96505615   0.81752504   0.94947020   0.74962617   0.86560091   0.96409566   0.77774850   0.89735516   0.96550839   0.81743758   0.94969971   0.47657512   0.47811448   0.47761194   0.47817460   0.47764706   0.47764706   0.47902098   0.47565543   0.56532250
  0.76057615   0.33005736   0.42083752   0.84323137   0.37979880   0.50755538   0.75698064   0.46227981   0.73274831   0.32731154   0.41761226   0.84324665   0.37742049   0.50551233   0.75673813   0.45958836   0.72906710   0.32626633   0.41640509   0.84323951   0.37667350   0.50484592   0.75662843   0.45954927   0.72923192   0.22778675   0.22727273   0.22835821   0.22619048   0.22823529   0.22823529   0.22727273   0.22846442   0.63771448
  0.63909046   0.87832108   0.94013419   0.76635859   0.88396880   0.93611741   0.83923587   0.87561144   0.84176418   0.87798660   0.93872464   0.76465443   0.88377133   0.93512262   0.83879279   0.87470105   0.83861345   0.87793224   0.93833036   0.76427506   0.88376372   0.93487134   0.83873156   0.87476953   0.83877056   0.58804523   0.58922559   0.58656716   0.59126984   0.59058824   0.59058824   0.59090909   0.59176030   0.66805402
  0.53618270   0.61923399   0.68293324   0.92200177   0.65532781   0.74163286   0.85684606   0.71384579   0.84424928   0.61619652   0.67937541   0.92152664   0.65281514   0.73903619   0.85605974   0.71012083   0.84028231   0.61516354   0.67826012   0.92140168   0.65209256   0.73826215   0.85587960   0.70958341   0.84013400   0.82067851   0.82154882   0.82089552   0.82142857   0.82352941   0.82352941   0.82167832   0.82022472   0.48927135
  0.19942813   0.83102552   0.74483188   0.45739353   0.83349281   0.77692543   0.58078949   0.82374702   0.63822107   0.82929600   0.74074358   0.45113027   0.83200217   0.77404556   0.57682490   0.82168442   0.63113128   0.82869764   0.73941468   0.44922312   0.83158111   0.77317416   0.57568635   0.82147772   0.63061348   0.46849758   0.46969697   0.46865672   0.47023810   0.47058824   0.47058824   0.46853147   0.47191011   0.54657362
  0.46830950   0.84668022   0.87403498   0.60748519   0.84958865   0.87116421   0.71011244   0.83538464   0.73451268   0.84690763   0.87296740   0.60549399   0.84983822   0.87049997   0.70949643   0.83480636   0.73098230   0.84691755   0.87258385   0.60494898   0.84987618   0.87027777   0.70929067   0.83491725   0.73122624   0.15185784   0.15151515   0.15074627   0.15079365   0.15058823   0.15058823   0.15034965   0.14981273   0.99856654
  0.53860222   0.54043034   0.70225695   0.89891527   0.55578054   0.68589137   0.78900248   0.55588303   0.71051179   0.54069440   0.70163735   0.90056470   0.55605184   0.68599643   0.79025610   0.55380240   0.70823172   0.54077832   0.70144750   0.90123225   0.55616978   0.68602425   0.79067839   0.55407283   0.70899003   0.29079160   0.29124579   0.29104478   0.29166667   0.29176471   0.29176471   0.29020979   0.29213483   0.36552307
  0.28865921   0.62253101   0.67884230   0.85805663   0.66077445   0.75275530   0.84502007   0.72504812   0.85699835   0.61937039   0.67451953   0.85687080   0.65825102   0.74989074   0.84357870   0.72152729   0.85288613   0.61827795   0.67310298   0.85656756   0.65751630   0.74900305   0.84313554   0.72100690   0.85265743   0.56865913   0.56902357   0.56865672   0.56944444   0.56941177   0.56941177   0.56993007   0.56928839   0.50540384
  0.62030521   0.67147865   0.78556940   0.87967008   0.69202160   0.79617960   0.84823963   0.70967535   0.81339778   0.67055043   0.78361357   0.87939293   0.69123403   0.79502166   0.84828139   0.70738529   0.81044429   0.67014307   0.78292622   0.87926838   0.69095816   0.79463168   0.84832599   0.70724148   0.81064415   0.43457189   0.43434343   0.43432836   0.43452381   0.43529412   0.43529412   0.43356643   0.43445693   0.52273385
  0.14232978   0.49980467   0.54925651   0.88501823   0.55115810   0.65836631   0.86544196   0.65106859   0.87528640   0.49558356   0.54433848   0.88341205   0.54949823   0.65511547   0.86441322   0.64623734   0.87163561   0.49413680   0.54264356   0.88295551   0.54831871   0.65409452   0.86412104   0.64545703   0.87148425   0.66558966   0.66498316   0.66567164   0.66468254   0.66352941   0.66352941   0.66433566   0.66292135   0.11628070
  0.50490104   0.88516919   0.91502906   0.73733947   0.90631904   0.95239326   0.86491701   0.93815211   0.91432666   0.88415022   0.91291751   0.73453053   0.90551279   0.95076706   0.86371692   0.93730727   0.91104597   0.88375302   0.91223747   0.73365063   0.90526524   0.95026092   0.86338267   0.93714353   0.91092562   0.68336026   0.68350168   0.68358209   0.68253968   0.68470588   0.68470588   0.68531469   0.68164794   0.84436700
  0.50907732   0.87659004   0.89464057   0.71551181   0.90041141   0.94171317   0.85293594   0.93801083   0.91058060   0.87527544   0.89206199   0.71211039   0.89939305   0.93982671   0.85141445   0.93702723   0.90705136   0.87479352   0.89120894   0.71106071   0.89908144   0.93926172   0.85096090   0.93684162   0.90685956   0.98546042   0.98653199   0.98656716   0.98611111   0.98588235   0.98588235   0.98601399   0.98501873   0.62595367
  0.80607306   0.92208488   0.94255341   0.72209857   0.92513103   0.94758540   0.81837411   0.91597977   0.83952568   0.92227703   0.94136281   0.72030965   0.92526028   0.94675804   0.81787525   0.91563713   0.83643381   0.92229504   0.94103911   0.71975296   0.92530381   0.94650446   0.81773950   0.91571247   0.83653920   0.57189015   0.57239057   0.57164179   0.57142857   0.57176471   0.57176471   0.57342657   0.57303371   0.68286744
  0.56911554   0.80995327   0.88940201   0.76782119   0.82620008   0.90313186   0.84218954   0.84463705   0.85635395   0.80969034   0.88792405   0.76666454   0.82601888   0.90231521   0.84217839   0.84371598   0.85382438   0.80954322   0.88742835   0.76630105   0.82596075   0.90203243   0.84215331   0.84372081   0.85407015   0.47334410   0.47306397   0.47313433   0.47222222   0.47294118   0.47294118   0.47202797   0.47191011   0.83252776
  0.51775313   0.86926942   0.87103015   0.63507879   0.87113120   0.87413006   0.72621256   0.85968606   0.75283528   0.86887349   0.86923097   0.63234090   0.87073370   0.87276575   0.72473846   0.85849831   0.74835670   0.86871947   0.86865882   0.63152310   0.87063089   0.87235595   0.72433349   0.85841229   0.74827746   0.49757674   0.49831650   0.49701493   0.49801587   0.49882353   0.49882353   0.49650350   0.49812734   0.67537884
  0.24203327   0.85620403   0.83312391   0.50659175   0.85123118   0.83384156   0.62002414   0.82465759   0.65799955   0.85645006   0.83187037   0.50393583   0.85142487   0.83288514   0.61869944   0.82391797   0.65352333   0.85643383   0.83143533   0.50302419   0.85144713   0.83259445   0.61827788   0.82399365   0.65365065   0.31987076   0.31986532   0.32089552   0.31944444   0.32000000   0.32000000   0.31818182   0.31835206   0.75080215
  0.51577475   0.79245827   0.85093529   1.00000000   0.82623167   0.91493421   1.00000000   0.88150046   1.00000000   0.79048317   0.84783729   1.00000000   0.82469173   0.91299054   1.00000000   0.87975536   1.00000000   0.78977617   0.84680006   1.00000000   0.82424472   0.91238361   1.00000000   0.87942369   1.00000000   0.92407108   0.92424242   0.92388060   0.92460318   0.92470588   0.92470588   0.92307692   0.92509363   0.56061299
  0.42102868   0.44768130   0.55730709   0.88275262   0.47793640   0.59081263   0.75955315   0.51942136   0.70956080   0.44509548   0.55435977   0.88266087   0.47583326   0.58887151   0.75914823   0.51480533   0.70529440   0.44441137   0.55351289   0.88274139   0.47533373   0.58837609   0.75922830   0.51446841   0.70552000   0.40872375   0.41077441   0.40746269   0.41071429   0.41176471   0.41176471   0.41258741   0.41198502   0.48338715
  0.44876632   0.56632229   0.61837136   0.91955384   0.61129591   0.71343339   0.89481487   0.69398789   0.89884506   0.56321145   0.61424552   0.91876073   0.60869493   0.71078897   0.89421660   0.69020550   0.89581358   0.56207813   0.61280759   0.91855822   0.60791831   0.70996691   0.89401639   0.68964992   0.89576334   0.67689822   0.67676768   0.67761194   0.67658730   0.67764706   0.67764706   0.67482518   0.67415730   0.37518301
  0.31039481   0.80443430   0.87855762   0.83181827   0.82489256   0.89946069   0.87845541   0.85268058   0.88412564   0.80357923   0.87659995   0.83065750   0.82422296   0.89836516   0.87841021   0.85124365   0.88139775   0.80328412   0.87597943   0.83030852   0.82402733   0.89801818   0.87840129   0.85110090   0.88152139   0.83360258   0.83333333   0.83283582   0.83333333   0.83294118   0.83294118   0.83566434   0.83146067   0.58439979
  0.63272093   0.55016757   0.61346243   0.84759093   0.58649157   0.67750610   0.79194820   0.64432904   0.78643766   0.54722853   0.60954992   0.84702015   0.58414310   0.67491469   0.79065638   0.64043889   0.78205702   0.54631266   0.60825906   0.84691071   0.58348009   0.67414588   0.79036049   0.63999171   0.78195307   0.49596123   0.49663300   0.49552239   0.49603175   0.49647059   0.49647059   0.49650350   0.49812734   0.51980534
  0.70621679   0.94037828   1.00000000   0.76146285   0.94576193   1.00000000   0.87288714   0.94340426   0.89759692   0.94121817   1.00000000   0.76094243   0.94644671   1.00000000   0.87344017   0.94374436   0.89571443   0.94144371   1.00000000   0.76082029   0.94663833   1.00000000   0.87361228   0.94394767   0.89605866   0.41680129   0.41750842   0.41641791   0.41666667   0.41882353   0.41882353   0.41608392   0.41573034   1.06096290
  0.54482632   0.37136914   0.46307512   0.86803378   0.41240506   0.53204362   0.76715286   0.47631961   0.73100669   0.36846243   0.45959776   0.86812564   0.40994377   0.52983011   0.76659142   0.47374110   0.72695463   0.36747155   0.45844674   0.86827683   0.40924595   0.52917084   0.76651553   0.47322640   0.72714452   0.12762520   0.12794613   0.12686567   0.12698413   0.12941177   0.12941177   0.12587413   0.12734082   0.46042811
  0.87880021   0.50053892   0.52763077   0.74570562   0.54090351   0.61941849   0.73576238   0.61004828   0.75595349   0.49694007   0.52209689   0.74205301   0.53797944   0.61598534   0.73313092   0.60799404   0.75082671   0.49569927   0.52018140   0.74091289   0.53711733   0.61492898   0.73233730   0.60724050   0.75055909   0.77544426   0.77441077   0.77462687   0.77579365   0.77647059   0.77647059   0.77622378   0.77528090   0.55111347
  0.37148562   0.66761322   0.74596451   0.92248596   0.69893875   0.79643891   0.89464413   0.74989789   0.88511936   0.66566725   0.74321369   0.92200886   0.69731880   0.79459075   0.89445369   0.74719572   0.88221818   0.66493284   0.74219981   0.92180303   0.69682474   0.79398963   0.89438802   0.74682808   0.88225700   0.45395800   0.45286195   0.45373134   0.45238095   0.45411765   0.45411765   0.45104895   0.45318352   0.59404968
  0.56129427   0.89068640   0.88294825   0.56863369   0.88239163   0.87740475   0.67186122   0.85100419   0.70048713   0.89120668   0.88176570   0.56652413   0.88283198   0.87676142   0.67102536   0.85050422   0.69650814   0.89134480   0.88139736   0.56584056   0.88296964   0.87654992   0.67081795   0.85064076   0.69671099   0.05169628   0.05218855   0.05223881   0.05158730   0.05176471   0.05176471   0.05244755   0.05243446   0.93920580
  0.32276959   0.75087232   0.82230343   0.94495027   0.77328873   0.85509562   0.91822548   0.80278216   0.89925430   0.74930045   0.81966970   0.94502472   0.77193453   0.85333747   0.91804573   0.80054484   0.89640640   0.74872643   0.81881536   0.94507677   0.77153132   0.85284043   0.91800523   0.80025725   0.89645108   1.00000000   1.00000000   1.00000000   1.00000000   1.00000000   1.00000000   1.00000000   1.00000000   0.55661793
  0.30679590   0.43569782   0.56760763   0.90410755   0.45710639   0.57799481   0.75556368   0.47879139   0.68372215   0.43488743   0.56616144   0.90582669   0.45632066   0.57723919   0.75599497   0.47541895   0.68038400   0.43452853   0.56561892   0.90636290   0.45610937   0.57697691   0.75620723   0.47540664   0.68090040   0.18578352   0.18686869   0.18656716   0.18650794   0.18588235   0.18588235   0.18531469   0.18726592   0.29291973
  0.30522634   0.78229542   0.70870467   0.38596856   0.76584397   0.69899307   0.45426901   0.70440432   0.46478006   0.78206138   0.70606072   0.38219530   0.76578622   0.69773813   0.45223886   0.70767564   0.46645502   0.78192459   0.70511641   0.38098973   0.76578053   0.69730082   0.45163223   0.70766515   0.46651799   0.00000000   0.00000000   0.00000000   0.00000000   0.00000000   0.00000000   0.00000000   0.00000000   0.57336919
  0.17545277   0.33790480   0.37850305   0.70930940   0.37857929   0.46032755   0.62972778   0.44998211   0.62948369   0.33424175   0.37345138   0.70749671   0.37549739   0.45706673   0.62731415   0.44410515   0.62337319   0.33302830   0.37174307   0.70693050   0.37465015   0.45608515   0.62663989   0.44349042   0.62314025   0.31179322   0.31313131   0.31194030   0.31150794   0.31294118   0.31294118   0.31118881   0.31086142   0.41829608
  0.39084163   0.51939802   0.58539143   0.72671651   0.53694048   0.60369202   0.65497351   0.54702358   0.62695992   0.51711858   0.58203277   0.72541692   0.53512976   0.60149991   0.65324972   0.54782249   0.62145081   0.51639057   0.58094944   0.72507799   0.53464250   0.60080720   0.65281563   0.54692838   0.62141976   0.31825525   0.31818182   0.31791045   0.31746032   0.32000000   0.32000000   0.31818182   0.31835206   0.56788354
  0.29302566   0.75774629   0.83150480   0.71442677   0.75773681   0.81120311   0.72985841   0.73671503   0.71091656   0.75788052   0.83030972   0.71371494   0.75786187   0.81065780   0.72980391   0.73545389   0.70745681   0.75786193   0.82997169   0.71353208   0.75792903   0.81050175   0.72983260   0.73561970   0.70784661   0.15993538   0.15993266   0.15970149   0.16071429   0.16000000   0.16000000   0.16083916   0.16104869   0.66224684
  0.37472706   0.46342524   0.60716684   0.94837125   0.49214323   0.63316669   0.82307290   0.52610391   0.76350102   0.46251536   0.60574770   0.95045346   0.49136405   0.63244006   0.82397066   0.52738635   0.76124555   0.46211111   0.60519905   0.95114077   0.49112957   0.63214631   0.82428916   0.52700509   0.76184904   0.08885299   0.09090909   0.08955224   0.08928571   0.08941177   0.08941177   0.08741259   0.08988764   0.30036576
  0.48257819   0.80471500   0.77123361   0.42246729   0.79284524   0.76120955   0.51669277   0.74421534   0.53901068   0.80539673   0.77008520   0.42028690   0.79353989   0.76074741   0.51590062   0.74803616   0.54072773   0.80551569   0.76964304   0.41953628   0.79367243   0.76056754   0.51566126   0.74888640   0.54099712   0.06946688   0.06902357   0.06865672   0.06746032   0.06823529   0.06823529   0.06643357   0.06741573   0.88247637
  0.50054822   0.49033341   0.61696943   0.89872256   0.51388310   0.63330448   0.78192029   0.53473322   0.72483217   0.48881874   0.61487050   0.89952500   0.51265393   0.63204395   0.78204455   0.53899684   0.72135735   0.48837138   0.61425662   0.89991843   0.51234349   0.63175540   0.78221429   0.53867893   0.72167255   0.04846527   0.04882155   0.04776119   0.04960317   0.04941177   0.04941177   0.04895105   0.04868914   0.42559248
  0.40505902   0.33113834   0.38621305   0.71719907   0.36785344   0.45740937   0.63559470   0.42936308   0.62295023   0.32793425   0.38154672   0.71484940   0.36513747   0.45449273   0.63334299   0.42367797   0.61712552   0.32682282   0.37990905   0.71413351   0.36436040   0.45361926   0.63266298   0.42310209   0.61697728   0.40387722   0.40572391   0.40447761   0.40476190   0.40470588   0.40470588   0.40559441   0.40449438   0.43784466
  0.26820939   0.63112159   0.71827643   0.86408275   0.65477004   0.74042234   0.80908415   0.68697235   0.78354838   0.62979606   0.71636554   0.86398414   0.65362202   0.73914775   0.80914639   0.68417680   0.78022257   0.62933883   0.71581478   0.86403514   0.65332249   0.73877154   0.80919142   0.68396572   0.78044370   0.36672052   0.36700337   0.36567164   0.36706349   0.36705882   0.36705882   0.36713287   0.36704120   0.58867864
  0.55368544   0.66298541   0.77246613   0.87056388   0.67265891   0.76437121   0.80788801   0.67140444   0.76098135   0.66241420   0.77117350   0.87132564   0.67222932   0.76357195   0.80825159   0.66964771   0.75793065   0.66223490   0.77082848   0.87169284   0.67213795   0.76336220   0.80837110   0.67003640   0.75831504   0.17770598   0.17845118   0.17761194   0.17857143   0.17882353   0.17882353   0.17832168   0.17977528   0.46162268
  0.70230480   0.82118504   0.87178887   0.69103236   0.82003154   0.85851418   0.74094253   0.80105921   0.74186232   0.82235967   0.87189515   0.69127798   0.82098464   0.85864833   0.74165130   0.80080722   0.73943450   0.82254447   0.87181544   0.69125324   0.82117242   0.85858630   0.74177347   0.80101391   0.73985758   0.13247173   0.13299663   0.13283582   0.13095238   0.13176471   0.13176471   0.12937063   0.13108614   0.83363588
  0.23931310   0.84462746   0.86998439   0.83003013   0.85993123   0.89909944   0.86993937   0.88418955   0.88541782   0.84351441   0.86748713   0.82836940   0.85895050   0.89738595   0.86913627   0.88263799   0.88194545   0.84309788   0.86666031   0.82785008   0.85865423   0.89686610   0.86891793   0.88234704   0.88183893   0.94184168   0.94107744   0.94179104   0.94047619   0.94117647   0.94117647   0.94055944   0.94007491   0.55682109
  0.64299915   0.30814644   0.37935945   0.76418727   0.34328834   0.44045706   0.64947240   0.40058621   0.61700576   0.30499017   0.37546924   0.76321870   0.34062039   0.43792854   0.64810468   0.39469651   0.61166610   0.30395892   0.37416843   0.76300294   0.33984903   0.43718461   0.64773483   0.39414512   0.61171643   0.16478191   0.16498316   0.16417910   0.16468254   0.16705882   0.16705882   0.16433566   0.16479401   0.51601066
  0.43513268   0.71210173   0.76056919   0.78678236   0.70985002   0.73703172   0.71727576   0.68227991   0.66719648   0.71142935   0.75875259   0.78621675   0.70914806   0.73581386   0.71666655   0.68040098   0.66262142   0.71116354   0.75818503   0.78603435   0.70895106   0.73542394   0.71649763   0.68016077   0.66273368   0.27786753   0.27946128   0.27910448   0.27777778   0.28000000   0.28000000   0.27972028   0.27715356   0.33294617
  0.64267645   0.57644348   0.65200533   0.73815482   0.58709095   0.65118452   0.67320274   0.57988561   0.63959097   0.57566952   0.65015491   0.73786974   0.58644636   0.65006862   0.67269255   0.58782566   0.63526344   0.57538321   0.64958354   0.73786632   0.58627402   0.64973017   0.67257621   0.58911015   0.63555768   0.28432956   0.28619529   0.28507463   0.28571429   0.28705882   0.28705882   0.28671329   0.28464419   0.73649386
  0.72561619   0.95009896   0.86949725   0.57414836   0.95192555   0.91092960   0.72532581   0.95612553   0.80144313   0.94971885   0.86709771   0.56956539   0.95144661   0.90905705   0.72276349   0.95539111   0.79641420   0.94958356   0.86633419   0.56819073   0.95133396   0.90849922   0.72202008   0.95526042   0.79605090   0.75282714   0.75252525   0.75223881   0.75396825   0.75529412   0.75529412   0.75524475   0.75280899   0.60880326
  0.59213262   0.80652686   0.86757546   0.88829324   0.82081966   0.88784334   0.89498537   0.83788592   0.88747091   0.80563905   0.86558987   0.88793631   0.82012692   0.88651972   0.89489277   0.83638692   0.88481705   0.80537212   0.86500461   0.88789158   0.81996525   0.88614247   0.89489295   0.83628300   0.88498227   0.76413570   0.76430976   0.76268657   0.76587302   0.76705882   0.76705882   0.76573427   0.76779026   0.63885514
  0.34949576   0.31499853   0.37619124   0.76135378   0.36071132   0.47224404   0.70031601   0.44769646   0.70321796   0.31207427   0.37218076   0.76035387   0.35823084   0.46973950   0.69914225   0.44238431   0.69872489   0.31097065   0.37068607   0.76002259   0.35746448   0.46893486   0.69878151   0.44186389   0.69868968   0.55896607   0.56060606   0.55970149   0.55952381   0.56000000   0.56000000   0.55944056   0.55805243   0.50912141
  0.33109722   0.91433093   0.94588770   0.91244800   0.93263425   0.98720697   0.97423525   0.96142545   0.99213174   0.91337046   0.94370217   0.91132494   0.93189909   0.98565182   0.97395984   0.96075581   0.99212467   0.91305255   0.94296972   0.91104490   0.93166243   0.98516636   0.97386164   0.96061789   0.99207349   0.98384491   0.98316498   0.98358209   0.98214286   0.98352941   0.98352941   0.98251748   0.98127341   0.63582092
  0.41884604   0.64439124   0.70639631   0.82949382   0.66631218   0.74120062   0.79716673   0.69584192   0.78612427   0.64278367   0.70354475   0.82872397   0.66498124   0.73934825   0.79643038   0.69304492   0.78230320   0.64216811   0.70255406   0.82847693   0.66456398   0.73874945   0.79618672   0.69277662   0.78228882   0.52827141   0.52861953   0.52835821   0.52777778   0.52941176   0.52941176   0.52797203   0.52808989   0.52994820
  0.64814341   0.79516746   0.84201908   0.74641000   0.78938215   0.81591816   0.73561991   0.75699320   0.70587517   0.79537177   0.84114511   0.74607980   0.78949323   0.81536644   0.73557684   0.75567303   0.70226844   0.79546361   0.84091801   0.74606906   0.78958356   0.81521727   0.73561919   0.75574777   0.70266856   0.29886914   0.29966330   0.29850746   0.29960318   0.30117647   0.30117647   0.30069930   0.29962547   0.51878353
  0.27146564   0.92245765   0.90963847   0.77935460   0.93095305   0.94212165   0.85994843   0.94268681   0.89207642   0.92180573   0.90712948   0.77687997   0.93033360   0.94046425   0.85877260   0.94184422   0.88851870   0.92151381   0.90635509   0.77611562   0.93017282   0.93995564   0.85844771   0.94168065   0.88834922   0.86914378   0.87037037   0.87014925   0.86904762   0.87058824   0.87058824   0.87062937   0.86891386   0.46198892
  0.39535806   0.46745865   0.50485752   0.50915621   0.45865743   0.47101781   0.41993610   0.41299751   0.36080384   0.46694240   0.50230347   0.50638530   0.45845729   0.47011682   0.41843800   0.41641463   0.36355068   0.46684857   0.50155224   0.50566294   0.45848869   0.46991427   0.41811984   0.41628097   0.36390551   0.11631664   0.11784512   0.11492537   0.11706349   0.11764706   0.11764706   0.11538462   0.11610487   0.15299296
  0.63098686   0.50042192   0.59181133   0.90364387   0.53111691   0.64040665   0.81361751   0.58159900   0.78218575   0.49812128   0.58897254   0.90418723   0.52918121   0.63850838   0.81352355   0.57746824   0.77870497   0.49731160   0.58799744   0.90437055   0.52861426   0.63795411   0.81347506   0.57705611   0.77884827   0.35218094   0.35185185   0.35074627   0.35119048   0.35294118   0.35294118   0.35314685   0.35205993   0.56271419
  0.47603170   0.93655851   0.87672590   0.54086054   0.92000490   0.87540703   0.64243843   0.87682713   0.67673815   0.93707860   0.87537286   0.53801600   0.92042437   0.87453031   0.64108722   0.87630906   0.67206628   0.93734331   0.87507507   0.53735518   0.92061678   0.87433532   0.64080261   0.87647979   0.67218120   0.21809370   0.22053872   0.21791045   0.22023809   0.22117647   0.22117647   0.22027972   0.22097378   0.63077885
  0.41009453   0.64900443   0.67773163   0.86582588   0.68193964   0.74798187   0.83797867   0.74221794   0.85053633   0.64592899   0.67367567   0.86484733   0.67940158   0.74511793   0.83668216   0.73865371   0.84632052   0.64483990   0.67234696   0.86452673   0.67864582   0.74422898   0.83625028   0.73806807   0.84605863   0.62520194   0.62626263   0.62537313   0.62500000   0.62588235   0.62588235   0.62587413   0.62546817   0.43743916
  0.72015869   0.53260418   0.59066749   0.84280507   0.55454931   0.62200327   0.73923230   0.58074452   0.70219355   0.53004773   0.58738032   0.84211541   0.55237434   0.61972869   0.73818418   0.57933769   0.69758688   0.52924284   0.58633356   0.84198351   0.55178256   0.61902277   0.73793470   0.57869498   0.69763451   0.64781906   0.64814815   0.64626866   0.64880952   0.64941176   0.64941176   0.65034965   0.64794007   0.53882196
  0.51401139   0.48692600   0.48051361   0.75345756   0.53332323   0.60075774   0.75773670   0.62645848   0.79891192   0.48211122   0.47411319   0.75016278   0.52940635   0.59659936   0.75514001   0.62112781   0.79357074   0.48053504   0.47200912   0.74916885   0.52829924   0.59539268   0.75440061   0.62030955   0.79313914   0.98061389   0.98148148   0.97910448   0.98214286   0.98352941   0.98352941   0.98251748   0.98127341   0.58216120
  0.39384129   0.46123804   0.52447870   0.84959210   0.50263656   0.60663119   0.79170548   0.58112574   0.79149948   0.45783807   0.52045903   0.84866682   0.49980452   0.60390572   0.79073627   0.57637963   0.78733803   0.45669295   0.51906555   0.84838480   0.49900595   0.60310217   0.79044004   0.57577448   0.78728201   0.60420032   0.60437710   0.60447761   0.60515873   0.60470588   0.60470588   0.60489510   0.60299625   0.36970878
  1.00000000   0.72940264   0.72654460   0.60094366   0.73910476   0.75370266   0.65959649   0.74400247   0.68720835   0.72780694   0.72321175   0.59714780   0.73784620   0.75147755   0.65724731   0.74386646   0.68181728   0.72727184   0.72210305   0.59604988   0.73749937   0.75081860   0.65659319   0.74353634   0.68173214   0.20032310   0.20202020   0.20000000   0.20039683   0.20235294   0.20235294   0.19930070   0.20224719   0.44176196
  0.59472243   0.88491568   0.83970641   0.64070400   0.89045230   0.87043880   0.73875356   0.89852903   0.79009250   0.88387394   0.83703893   0.63693177   0.88948172   0.86830110   0.73635620   0.89700895   0.78491212   0.88352954   0.83624425   0.63588649   0.88921710   0.86767693   0.73568168   0.89678166   0.78457840   0.69951535   0.70033670   0.69850746   0.70238095   0.70117647   0.70117647   0.70279720   0.70037453   0.39636553
  0.75269431   0.21718060   0.34571130   0.75859752   0.24151988   0.36864981   0.59596351   0.27964867   0.53264708   0.21726318   0.34519241   0.75952011   0.24168589   0.36893939   0.59665522   0.27545190   0.52929954   0.21736838   0.34504844   0.75994256   0.24175526   0.36900478   0.59699392   0.27566273   0.53019704   0.08723748   0.08754209   0.08656716   0.08730159   0.08941177   0.08941177   0.08741259   0.08614232   0.53396504
  0.40225322   0.78614306   0.72429207   0.65627104   0.80772655   0.79757174   0.73950859   0.84438274   0.79665309   0.78346664   0.71924442   0.65110847   0.80553695   0.79422172   0.73621829   0.84312029   0.79092672   0.78254068   0.71753320   0.64946666   0.80487388   0.79320345   0.73523103   0.84251786   0.79036576   0.72213247   0.72222222   0.72089552   0.72222222   0.72235294   0.72235294   0.72377622   0.72284644   0.51264723
  0.48230968   0.38748283   0.45028590   0.81016820   0.42781631   0.52856359   0.73086067   0.50275358   0.72144237   0.38373264   0.44592339   0.80900933   0.42471131   0.52563396   0.72957882   0.49715782   0.71661946   0.38253541   0.44454571   0.80873643   0.42385982   0.52479639   0.72926743   0.49651922   0.71653226   0.85783522   0.85858586   0.85820896   0.86111111   0.86117647   0.86117647   0.86013986   0.86142322   0.44040651
  0.37860615   1.00000000   0.92981158   0.66755886   1.00000000   0.97356316   0.80667977   1.00000000   0.87092305   1.00000000   0.92751761   0.66392759   1.00000000   0.97206777   0.80503106   1.00000000   0.86708194   1.00000000   0.92680696   0.66284839   1.00000000   0.97164914   0.80460939   1.00000000   0.86692701   0.81744750   0.81818182   0.81641791   0.81944444   0.82117647   0.82117647   0.82167832   0.82022472   0.74424875
  0.55685118   0.89981491   0.89579464   0.76225088   0.89947921   0.90853593   0.81522421   0.89172194   0.83064710   0.89936181   0.89373053   0.76021974   0.89901636   0.90700951   0.81411731   0.89057275   0.82669622   0.89917408   0.89308435   0.75962196   0.89889391   0.90653861   0.81380343   0.89043506   0.82659384   0.33925687   0.34006734   0.33880597   0.33928571   0.34117647   0.34117647   0.33916084   0.34082397   0.70564411
  0.36851400   0.19578349   0.29574469   0.71980236   0.21339370   0.30063667   0.51595964   0.23298774   0.43285544   0.19534473   0.29525476   0.72088683   0.21286927   0.30058834   0.51644373   0.22785354   0.42860574   0.19507839   0.29498742   0.72125537   0.21270218   0.30054448   0.51665503   0.22778612   0.42941717   0.02423263   0.02525253   0.02537313   0.02380952   0.02588235   0.02588235   0.02447552   0.02621723   0.63662865
  0.35581642   0.63949906   0.64448477   0.68826301   0.65529307   0.68162099   0.67819241   0.67269243   0.68617538   0.63716749   0.64049862   0.68535707   0.65338761   0.67898185   0.67583541   0.67275656   0.68046888   0.63641735   0.63915571   0.68450729   0.65289274   0.67818456   0.67517696   0.67234816   0.68031406   0.39741519   0.39898990   0.39701493   0.39880952   0.40000000   0.40000000   0.39860140   0.39700375   0.48418005
  0.33884941   0.29959461   0.38536163   0.76612201   0.32379511   0.41875875   0.62104435   0.36419480   0.57317039   0.29804410   0.38338490   0.76625466   0.32237682   0.41747985   0.62070754   0.35972924   0.56872866   0.29745064   0.38267517   0.76630105   0.32196217   0.41705757   0.62065732   0.35961293   0.56913330   0.02746365   0.02861953   0.02835821   0.02777778   0.02823529   0.02823529   0.02797203   0.02621723   0.48173545
  0.41484594   0.64043527   0.66405882   0.67315337   0.64052262   0.65947844   0.62666630   0.61541160   0.60094445   0.63922274   0.66153430   0.67142336   0.63952436   0.65774916   0.62509940   0.61987430   0.59554201   0.63878684   0.66064543   0.67089367   0.63924917   0.65727092   0.62468873   0.62003587   0.59560160   0.26332795   0.26430976   0.26268657   0.26388889   0.26352941   0.26352941   0.26223776   0.26217229   0.49931657
  0.07516046   0.54906513   0.62254575   0.71535735   0.54610263   0.59811832   0.61171550   0.53237824   0.56045569   0.54999729   0.62280466   0.71697876   0.55127636   0.59838433   0.61260641   0.53014715   0.55697482   0.55006285   0.62271641   0.71732098   0.55101346   0.59836615   0.61278999   0.53033211   0.55758090   0.17124394   0.17171717   0.17164179   0.16865079   0.16941176   0.16941176   0.16783217   0.16853933  -0.15432215
  0.44073793   0.62224245   0.59731071   0.73957773   0.65518877   0.68369738   0.73876618   0.71686170   0.77587914   0.61824185   0.59171100   0.73617843   0.65193071   0.67984068   0.73580362   0.71391503   0.76995578   0.61693452   0.58987984   0.73516686   0.65101171   0.67871349   0.73494223   0.71403851   0.76943434   0.93376414   0.93434343   0.93283582   0.93650794   0.93647059   0.93647059   0.93706294   0.93632959   0.63400118
  0.61279141   0.19140859   0.22696761   0.62658144   0.22558903   0.29740358   0.51026985   0.28841210   0.48914939   0.18880971   0.22340397   0.62503506   0.22323550   0.29513826   0.50836052   0.28208178   0.48798373   0.18774296   0.22197827   0.62455481   0.22247513   0.29436169   0.50781353   0.28151227   0.48822150   0.10662359   0.10774411   0.10746269   0.10714286   0.10823529   0.10823529   0.10489511   0.10861423   0.40088078
  0.54846529   0.67891826   0.78011373   0.91587944   0.70706498   0.82478344   0.91147599   0.75699320   0.90677884   0.67780896   0.77817555   0.91635560   0.70625908   0.82359182   0.91202560   0.75501186   0.90898169   0.67741110   0.77756022   0.91648976   0.70602129   0.82328339   0.91220557   0.75489377   0.90921544   0.53150242   0.53198653   0.53134328   0.53174603   0.53176471   0.53176471   0.53146853   0.53183521   0.56144681
  0.51887317   0.88600234   0.84876182   0.56139997   0.87876670   0.85796416   0.66211880   0.85844499   0.70509264   0.88606494   0.84696607   0.55854404   0.87881494   0.85690966   0.66062518   0.85770026   0.70054705   0.88615242   0.84648621   0.55781620   0.87889209   0.85659630   0.66027984   0.85777620   0.70063018   0.43941842   0.44107744   0.43880597   0.44246032   0.44235294   0.44235294   0.44055944   0.44194757   0.55638976
  0.39740575   0.26081377   0.25994674   0.59181638   0.29009956   0.32835295   0.49384941   0.34014185   0.47634353   0.25638261   0.25412658   0.58805306   0.28625906   0.32451612   0.49026793   0.33280832   0.47556263   0.25487968   0.25213071   0.58690705   0.28518278   0.32335002   0.48926672   0.33194270   0.47476162   0.46203554   0.46296296   0.46119403   0.46230159   0.46352941   0.46352941   0.46153846   0.46067416   0.31180637
  0.57590208   0.92084687   0.79556783   0.53566373   0.92582187   0.86128540   0.68334384   0.93660420   0.76812919   0.91983691   0.79179779   0.52992617   0.92488885   0.85871459   0.68004247   0.93551238   0.76245156   0.91944441   0.79054737   0.52816134   0.92461828   0.85799350   0.67906610   0.93531014   0.76199829   0.86429725   0.86531987   0.86417910   0.86507937   0.86588235   0.86588235   0.86713287   0.86516854   0.50209317
  0.49208786   0.46885300   0.54219404   0.56626619   0.45301512   0.48577650   0.44758965   0.40318007   0.37780600   0.47043449   0.54243273   0.56686547   0.45464915   0.48688706   0.44856065   0.40086102   0.37438452   0.47102366   0.54261746   0.56730026   0.45519655   0.48730928   0.44898687   0.40140225   0.37572548   0.01777060   0.01851852   0.01641791   0.01785714   0.01882353   0.01882353   0.01748252   0.01872659   0.20794747
  0.56585268   0.18322250   0.23594356   0.64439146   0.21229109   0.28995015   0.50402442   0.26636818   0.46371096   0.18069024   0.23290676   0.64369617   0.21012507   0.28802990   0.50259671   0.25999831   0.46963001   0.17981766   0.23181689   0.64357840   0.20949429   0.28744659   0.50228440   0.25955283   0.46929597   0.27302100   0.27441077   0.27313433   0.27380952   0.27529412   0.27529412   0.27272727   0.27340824   0.36259920
  0.58542435   0.64004850   0.69959958   0.92885455   0.66740510   0.75192130   0.87398928   0.71414802   0.86241340   0.63802695   0.69669019   0.92919360   0.66563511   0.74987074   0.87372171   0.71309043   0.85921961   0.63722259   0.69561125   0.92928549   0.66507008   0.74920202   0.87361228   0.71247622   0.85920489   0.51211632   0.51178451   0.51343284   0.50992063   0.51058823   0.51058823   0.51048951   0.50936330   0.43227407
  0.44951692   0.64934783   0.69680574   0.64655551   0.64406594   0.67763735   0.61493063   0.61690973   0.58870944   0.64955441   0.69557668   0.64598212   0.64435906   0.67711588   0.61464888   0.61509106   0.58486143   0.64962454   0.69526665   0.64590245   0.64449951   0.67699433   0.61463572   0.61545160   0.58542867   0.25363490   0.25420875   0.25223881   0.25396825   0.25411765   0.25411765   0.25174825   0.25468165   0.40464547
  0.69711110   0.81783870   0.82020429   0.86103993   0.84157502   0.87947311   0.89337301   0.88719550   0.92189309   0.81610950   0.81713767   0.85945485   0.84008750   0.87725653   0.89237182   0.88544785   0.92030972   0.81543307   0.81605326   0.85889004   0.83963322   0.87654992   0.89207222   0.88508903   0.91999968   0.99515347   0.99326599   0.99552239   0.99206349   0.99294118   0.99294118   0.99300699   0.99250936   0.30522996
  0.38216837   0.82955782   0.81337819   0.66849871   0.81985905   0.80555536   0.68559233   0.79082328   0.68574176   0.82934916   0.81151900   0.66665304   0.81959397   0.80430727   0.68437796   0.78913947   0.68097666   0.82927779   0.81097810   0.66615659   0.81953627   0.80395276   0.68406479   0.78907072   0.68098388   0.66074313   0.66161616   0.65970149   0.66071429   0.66117647   0.66117647   0.66083916   0.65917603   0.39186037
  0.58200099   0.94075394   0.87240449   0.65046474   0.94125151   0.90865907   0.76050372   0.94383509   0.81813747   0.94044098   0.86996374   0.64698572   0.94088780   0.90696893   0.75862837   0.94308897   0.81357527   0.94030615   0.86919099   0.64596471   0.94075487   0.90641730   0.75798732   0.94296184   0.81329799   0.75767367   0.75925926   0.75820895   0.75992063   0.76000000   0.76000000   0.75874126   0.76029963   0.46886563
  0.42515749   0.39026152   0.49787372   0.77368888   0.39961263   0.48966074   0.62077314   0.40571914   0.55262332   0.38894725   0.49607072   0.77402951   0.39851079   0.48877473   0.62057688   0.40112947   0.54813775   0.38883093   0.49577430   0.77437703   0.39848292   0.48868049   0.62072186   0.40110057   0.54877956   0.00807754   0.01010101   0.00746269   0.00992064   0.01176471   0.01176471   0.01048951   0.01123596   0.38620629
  0.65495195   0.83814212   0.75297410   0.36181786   0.80686143   0.72510054   0.42355385   0.73030677   0.44166581   0.83934396   0.75233762   0.36013706   0.80789522   0.72497348   0.42266791   0.72952582   0.43834255   0.83978245   0.75220682   0.35978386   0.80827849   0.72497205   0.42253561   0.72987576   0.44073233   0.05815832   0.05892256   0.05671642   0.05952381   0.05882353   0.05882353   0.05944056   0.05992509   0.33113124
  0.18395871   0.62319053   0.68727656   0.85739907   0.63228601   0.69472037   0.76784731   0.63724592   0.72558922   0.62206652   0.68511142   0.85778089   0.63126280   0.69329328   0.76746617   0.63408297   0.72169539   0.62164290   0.68441584   0.85799161   0.63098652   0.69286612   0.76738436   0.63384570   0.72183945   0.41033926   0.41077441   0.41044776   0.40873016   0.40941176   0.40941176   0.40909091   0.40823970   0.42752128
  0.43085587   0.65420558   0.68350577   0.90139525   0.68676880   0.75596305   0.87528247   0.74941110   0.88142966   0.65112005   0.67937541   0.90018756   0.68423890   0.75319402   0.87424285   0.74581775   0.87771541   0.65010156   0.67801972   0.89991843   0.68351727   0.75235141   0.87397210   0.74527506   0.87754796   0.80452342   0.80471381   0.80447761   0.80555556   0.80705882   0.80705882   0.80769231   0.80524345   0.48842624
  0.69330059   0.74307421   0.73466505   0.63422468   0.73534022   0.72475037   0.62425159   0.70713423   0.61851293   0.74284351   0.73299600   0.63275849   0.73499503   0.72357299   0.62303557   0.70767564   0.61393179   0.74271347   0.73244099   0.63235208   0.73489041   0.72317763   0.62270566   0.70741475   0.61413010   0.55411955   0.55387205   0.55373134   0.55357143   0.55529412   0.55529412   0.55594406   0.55430712   0.56978298
  0.42884522   0.58012851   0.56554252   0.80899428   0.61505877   0.65169910   0.76932193   0.68361692   0.78718576   0.57606645   0.56044701   0.80699909   0.61156753   0.64800894   0.76717529   0.67884183   0.78184112   0.57464998   0.55868661   0.80637612   0.61052617   0.64685915   0.76651553   0.67801124   0.78137049   0.86591276   0.86700337   0.86716418   0.86706349   0.86588235   0.86588235   0.86713287   0.86516854   0.31451175
  0.32193337   0.44085236   0.42033683   0.60103550   0.46202859   0.48055346   0.55224403   0.49884667   0.56098103   0.43682581   0.41438658   0.59623823   0.45865752   0.47660854   0.54830609   0.49282964   0.55324364   0.43547619   0.41233783   0.59478118   0.45770425   0.47543635   0.54718226   0.49204316   0.55271031   0.54281099   0.54377104   0.54179104   0.54365079   0.54352941   0.54352941   0.54195804   0.54307116   0.34703761
  0.27901776   0.54754874   0.58958687   0.81583208   0.56069995   0.60869037   0.70938802   0.57495327   0.66879897   0.54569483   0.58672992   0.81548845   0.55893165   0.60676851   0.70841165   0.57072841   0.66390064   0.54494810   0.58572574   0.81534907   0.55840842   0.60610967   0.70810425   0.57027472   0.66392724   0.36187399   0.36195286   0.36268657   0.36111111   0.36235294   0.36235294   0.36013986   0.35955056   0.43208696
  0.35189262   0.59204653   0.64905686   0.87386368   0.62231284   0.71054276   0.83676361   0.67903364   0.83555771   0.58971108   0.64580756   0.87318648   0.62035638   0.70835007   0.83618981   0.67563243   0.83209555   0.58882042   0.64464903   0.87296622   0.61974182   0.70766328   0.83597748   0.67527157   0.83208947   0.67205170   0.67171717   0.67313433   0.67063492   0.67058823   0.67058823   0.67132867   0.67041198   0.40381502
  0.61906990   0.79060653   0.73998653   0.64232574   0.79439236   0.77182949   0.68172598   0.79314045   0.71017320   0.78914272   0.73656950   0.63880470   0.79310668   0.76943282   0.67924085   0.79315135   0.70456311   0.78862183   0.73544700   0.63775187   0.79276759   0.76870862   0.67852667   0.79367791   0.70427002   0.79806139   0.79797980   0.79850746   0.79960318   0.80000000   0.80000000   0.80069930   0.79775281   0.56820819
  0.65818961   0.83028620   0.78322964   0.63732980   0.83300619   0.81011740   0.69645601   0.83719850   0.73660983   0.82929600   0.78069458   0.63441599   0.83203031   0.80805578   0.69423521   0.83526366   0.73123833   0.82890911   0.77986240   0.63351781   0.83174902   0.80740840   0.69357166   0.83498682   0.73092198   0.87883683   0.87878788   0.87910448   0.87896825   0.88000000   0.88000000   0.87762238   0.87640449   0.31141855
  0.55739898   0.58597304   0.62253176   0.87753663   0.62142449   0.70004135   0.84340336   0.68877265   0.84941965   0.58265167   0.61835810   0.87649477   0.61874737   0.69726163   0.84238687   0.68508657   0.84557102   0.58154904   0.61697813   0.87626666   0.61799026   0.69642288   0.84210140   0.68462578   0.84544262   0.90630049   0.90740741   0.90597015   0.90674603   0.90823529   0.90823529   0.90909091   0.90636704   0.45490772
  0.66456916   0.90144864   0.86214506   0.66805726   0.90790354   0.90256590   0.77615696   0.92023157   0.83225235   0.90082928   0.85968490   0.66480578   0.90730726   0.90081465   0.77433649   0.91923871   0.82801025   0.90056406   0.85889792   0.66383307   0.90713224   0.90023972   0.77384620   0.91909565   0.82780256   0.91760905   0.91919192   0.91791045   0.91865079   0.92000000   0.92000000   0.91958042   0.91760300   0.54687746
  0.57736433   0.40182210   0.44306531   0.77057156   0.42995445   0.50155867   0.67519792   0.48149584   0.65448246   0.39897340   0.43954099   0.76967429   0.42733672   0.49911867   0.67398053   0.47617335   0.65028601   0.39789525   0.43824400   0.76939594   0.42661669   0.49833626   0.67360236   0.47554044   0.65048001   0.52342488   0.52356902   0.52388060   0.52380952   0.52470588   0.52470588   0.52447552   0.52434457   0.58832020
  0.40087344   0.53712814   0.57593364   0.82697844   0.56459848   0.63015604   0.75600146   0.61278772   0.74462660   0.53400308   0.57203731   0.82581145   0.56197553   0.62743970   0.75471025   0.60829037   0.73976385   0.53300278   0.57075582   0.82550992   0.56125408   0.62659649   0.75429349   0.60778343   0.73967154   0.89499192   0.89562290   0.89402985   0.89682540   0.89647059   0.89647059   0.89860140   0.89513109   0.40943242
  0.67748597   0.85611415   0.78295913   0.51943814   0.83562857   0.77279103   0.56492755   0.78621101   0.58308537   0.85687063   0.78191716   0.51765872   0.83615814   0.77213381   0.56385059   0.78529493   0.57814817   0.85704505   0.78153482   0.51709826   0.83629896   0.77190297   0.56354382   0.78550812   0.57831972   0.10662359   0.10774411   0.10597015   0.10515873   0.10588235   0.10588235   0.10489511   0.10486891   0.47361260
  0.35956590   0.49877947   0.54785721   0.81353679   0.51814704   0.58107581   0.71251162   0.54708677   0.67853109   0.49699607   0.54525354   0.81326706   0.51651879   0.57933986   0.71185224   0.54279514   0.67407573   0.49629076   0.54427546   0.81313883   0.51600064   0.57875675   0.71164446   0.54237476   0.67416534   0.38933764   0.39057239   0.38955224   0.38888889   0.38823529   0.38823529   0.38811189   0.38951311   0.48600517
  0.49393604   0.69836856   0.66945103   0.70595032   0.70750059   0.70237657   0.68430414   0.71879403   0.69270393   0.69623279   0.66569605   0.70341746   0.70562813   0.69972129   0.68196457   0.71548615   0.68687754   0.69551365   0.66449960   0.70271035   0.70510904   0.69890141   0.68129801   0.71505141   0.68658307   0.76898223   0.76936027   0.76865672   0.76984127   0.77176471   0.77176471   0.77272727   0.77153558   0.57807015
  0.43673807   0.34433426   0.43125062   0.73893285   0.35547980   0.43436451   0.58327833   0.37099974   0.52464829   0.34416163   0.43088537   0.74010251   0.35539734   0.43430238   0.58384744   0.36692741   0.52078919   0.34390374   0.43061094   0.74048186   0.35532359   0.43419071   0.58400157   0.36688398   0.52141349   0.22132472   0.22222222   0.22238806   0.22222222   0.22352941   0.22352941   0.22027972   0.22097378   0.42855632
  0.48888323   0.82512982   0.68399420   0.44953963   0.82717301   0.74493580   0.56218627   0.82761855   0.63725920   0.82332444   0.67929480   0.44307523   0.82562022   0.74180976   0.55801343   0.82746498   0.63040709   0.82265915   0.67761794   0.44105805   0.82516908   0.74084817   0.55673776   0.82707342   0.63037910   0.44264943   0.44444444   0.44328358   0.44246032   0.44470588   0.44470588   0.44405594   0.44194757   0.40707518
  0.66925453   0.62390089   0.58321405   0.67176336   0.64483446   0.65169910   0.67315900   0.68364506   0.70350871   0.62037194   0.57768476   0.66745998   0.64188394   0.64795267   0.66970530   0.67925587   0.69694103   0.61916062   0.57582906   0.66615659   0.64102895   0.64680311   0.66868684   0.67857252   0.69635352   0.83360258   0.83501684   0.83432836   0.83531746   0.83529412   0.83529412   0.83566434   0.83520599   0.42950341
  0.47481844   0.70009060   0.72620956   0.88458967   0.71899875   0.76885238   0.84224258   0.75018814   0.83330817   0.69778676   0.72277155   0.88373271   0.71704056   0.76646996   0.84123574   0.74733657   0.82926880   0.69703245   0.72166514   0.88348931   0.71649990   0.76574430   0.84095355   0.74692099   0.82913088   0.73021002   0.73063973   0.72835821   0.73015873   0.73176471   0.73176471   0.73076923   0.73033708   0.47136359
  0.19155941   0.53298464   0.56244379   0.80802076   0.56162369   0.62504726   0.74925980   0.61574765   0.74897665   0.53009303   0.55872408   0.80701802   0.55919234   0.62246393   0.74795949   0.61142133   0.74435440   0.52910921   0.55747794   0.80669700   0.55850633   0.62166063   0.74757367   0.61086772   0.74426687   0.84491115   0.84511784   0.84477612   0.84523810   0.84470588   0.84470588   0.84615385   0.84269663   0.44169225
  0.44397478   0.84630049   0.85566023   0.86345458   0.85821765   0.89279262   0.88622060   0.87954043   0.89885507   0.84527305   0.85319429   0.86249133   0.85730511   0.89105876   0.88553803   0.87805567   0.89709363   0.84486041   0.85234265   0.86205064   0.85701728   0.89046803   0.88532039   0.87779196   0.89693946   0.70274636   0.70202020   0.70298507   0.70238095   0.70117647   0.70117647   0.70279720   0.70037453   0.37559005
  0.78789425   0.72122599   0.68868803   0.57857433   0.71952278   0.69986741   0.59385576   0.70959199   0.61241401   0.71986781   0.68587524   0.57555488   0.71834628   0.69777208   0.59144455   0.70672041   0.60624859   0.71949794   0.68494569   0.57479348   0.71803814   0.69716626   0.59079570   0.70647343   0.60607722   0.61712439   0.61784512   0.61641791   0.61904762   0.61882353   0.61882353   0.61888112   0.61797753   0.45301467
  0.83651652   0.62304765   0.64749720   0.75197243   0.63314435   0.67126951   0.70259397   0.64581936   0.69213538   0.62095015   0.64428441   0.75045177   0.63135393   0.66900472   0.70095318   0.64211871   0.68687754   0.62027683   0.64324586   0.75006206   0.63089669   0.66832535   0.70051406   0.64172028   0.68681958   0.48303716   0.48484849   0.48358209   0.48412698   0.48470588   0.48470588   0.48601399   0.48314607   0.40638305
  0.15947584   0.86207696   0.73919163   0.42672566   0.84253636   0.75128595   0.51009832   0.80615010   0.56116577   0.86196357   0.73695975   0.42277491   0.84395689   0.74963045   0.50727968   0.80446589   0.55450286   0.86197205   0.73631918   0.42169532   0.84379725   0.74916225   0.50649612   0.80438661   0.55431119   0.54927302   0.55050505   0.54925373   0.55158730   0.55058823   0.55058823   0.55244755   0.55056180   0.35979261
  0.61659451   0.71448456   0.74199830   0.90101673   0.73431560   0.78915605   0.86626844   0.76991608   0.86244235   0.71249873   0.73884337   0.90047052   0.73260989   0.78694764   0.86553620   0.76707740   0.85886213   0.71178589   0.73775825   0.90038913   0.73210622   0.78626910   0.86532747   0.76666812   0.85876432   0.58481422   0.58585859   0.58507463   0.58531746   0.58588235   0.58588235   0.58391608   0.58426966   0.38055205
  0.55133586   0.79943990   0.71474261   0.41883499   0.78278322   0.71816494   0.48560481   0.73695430   0.51382712   0.79936315   0.71251126   0.41541440   0.78279559   0.71692825   0.48364778   0.73940242   0.51548046   0.79937035   0.71188148   0.41452188   0.78287128   0.71659962   0.48310013   0.73964936   0.51536063   0.37641357   0.37710438   0.37611940   0.37698413   0.37882353   0.37882353   0.37762238   0.37827715   0.66773562
  0.77006031   0.75836255   0.75679274   0.72147292   0.75241620   0.75204379   0.69291267   0.73273676   0.67955439   0.75760806   0.75478039   0.72016496   0.75173588   0.75060797   0.69179547   0.73032861   0.67470674   0.75745936   0.75420681   0.71993270   0.75160084   0.75023023   0.69155650   0.73017867   0.67478854   0.42487884   0.42592593   0.42388060   0.42658730   0.42823529   0.42823529   0.42657343   0.42696629   0.52085123
  0.57446069   0.66003741   0.61225862   0.61943059   0.68112214   0.68617220   0.66714697   0.72049725   0.71654272   0.65707898   0.60695333   0.61439075   0.67874395   0.68280872   0.66379694   0.71955030   0.71039533   0.65607983   0.60516879   0.61281900   0.67803950   0.68175027   0.66279079   0.71899192   0.70993305   0.93699515   0.93771044   0.93582090   0.93849206   0.93882353   0.93882353   0.93706294   0.93632959   0.56578426
  0.21503653   0.49542969   0.52652444   0.80962041   0.52922807   0.60424989   0.76504493   0.59673755   0.77168136   0.49179833   0.52203310   0.80796101   0.52620819   0.60113845   0.76352897   0.59178459   0.76699248   0.49060318   0.52052987   0.80746776   0.52536190   0.60026994   0.76317591   0.59108825   0.76683874   0.65105008   0.65151515   0.65074627   0.65079365   0.65176471   0.65176471   0.65034965   0.65168539   0.48666381
  0.54351523   0.72814256   0.70699440   0.60835659   0.71508348   0.69241788   0.58471036   0.68045627   0.57606869   0.72767220   0.70503521   0.60659670   0.71458591   0.69102965   0.58313655   0.67786506   0.57034434   0.72753773   0.70441745   0.60612576   0.71447688   0.69062575   0.58272830   0.67781844   0.57039437   0.11954766   0.12121212   0.11940299   0.12103175   0.12235294   0.12235294   0.11888112   0.11985019   0.42252153
  0.17246016   0.00383905   0.01882312   0.43867160   0.01254137   0.02582256   0.21269471   0.02369522   0.14801104   0.00317853   0.01753399   0.43844426   0.01162309   0.02474980   0.21133278   0.01662394   0.14073770   0.00258416   0.01673052   0.43823214   0.01121843   0.02418456   0.21095204   0.01627423   0.14122418   0.03231018   0.03367003   0.03283582   0.03174603   0.03294118   0.03294118   0.03146853   0.03370786   0.36188662
  0.48677624   0.78886543   0.82833139   0.84769030   0.79429356   0.84180526   0.83704085   0.80196866   0.83209496   0.78829657   0.82676833   0.84769242   0.79382725   0.84058367   0.83690034   0.80030166   0.82896047   0.78811314   0.82632799   0.84777487   0.79367243   0.84031586   0.83690248   0.80021718   0.82911176   0.35702746   0.35690236   0.35671642   0.35714286   0.35764706   0.35764706   0.35664336   0.35580524   0.51788136
  0.46444444   0.75503224   0.75239889   0.85818775   0.77348758   0.80280441   0.84382267   0.80912086   0.85447357   0.75252914   0.74852873   0.85634795   0.77134930   0.80006263   0.84233478   0.80613556   0.85004882   0.75173361   0.74731233   0.85578441   0.77075582   0.79927651   0.84189351   0.80566865   0.84978661   0.97092084   0.97306397   0.97014925   0.97619048   0.97647059   0.97647059   0.97552448   0.97378277   0.33616998
  0.82037591   0.18395794   0.22970892   0.62038556   0.18698284   0.22388929   0.40452738   0.18851295   0.32978277   0.18255639   0.22833734   0.62054372   0.18573035   0.22309031   0.40379954   0.18263983   0.32352621   0.18211452   0.22791729   0.62078048   0.18540301   0.22285347   0.40368124   0.18286440   0.32405711   0.14378029   0.14478115   0.14477612   0.14484127   0.14588235   0.14588235   0.14335664   0.14606742   0.42598555
  0.52887813   0.43669590   0.40311542   0.66677982   0.47146301   0.50303392   0.63598373   0.54552629   0.67022335   0.43194983   0.39692403   0.66348632   0.46744670   0.49876096   0.63263522   0.53942474   0.66345929   0.43035628   0.39473779   0.66246351   0.46629288   0.49747565   0.63169442   0.53850572   0.66293359   0.89014540   0.89057239   0.88955224   0.89087302   0.89176471   0.89176471   0.89160839   0.89138577   0.52436003
  0.62408805   0.52447485   0.50763510   0.72503956   0.54985887   0.57460010   0.66480024   0.59946337   0.67683333   0.52082912   0.50290846   0.72320641   0.54672389   0.57114647   0.66225619   0.59436283   0.67057916   0.51955730   0.50125331   0.72263561   0.54579717   0.57008063   0.66150726   0.59363332   0.67015713   0.68982229   0.69023569   0.68955224   0.68849206   0.68941177   0.68941177   0.68881119   0.68913858   0.39320982
  0.56260583   0.70711525   0.66898819   0.61330037   0.70801652   0.69059726   0.61691010   0.70359308   0.63219915   0.70553850   0.66560519   0.61009853   0.70664462   0.68822784   0.61437395   0.70055673   0.62609458   0.70498359   0.66440932   0.60910533   0.70624360   0.68748306   0.61361379   0.70023166   0.62583324   0.50403877   0.50505051   0.50298508   0.50396825   0.50588235   0.50588235   0.50349650   0.50561798   0.52674210
  0.42126820   0.61798992   0.64883536   0.84827078   0.63944604   0.69871162   0.79916143   0.68047107   0.79439900   0.61546304   0.64526590   0.84727265   0.63733681   0.69626720   0.79809505   0.67675859   0.79010552   0.61467069   0.64411138   0.84702253   0.63676444   0.69553707   0.79776910   0.67631109   0.79002776   0.56542811   0.56734007   0.56567164   0.56746032   0.56705882   0.56705882   0.56643357   0.56554307   0.34768356
  0.36345543   0.60244292   0.59125931   0.80393477   0.62959736   0.66083804   0.75902177   0.68181813   0.76895461   0.59893134   0.58654860   0.80196525   0.62660170   0.65749404   0.75694962   0.67732843   0.76356917   0.59770751   0.58495239   0.80135112   0.62572748   0.65641009   0.75631267   0.67659294   0.76314752   0.71243942   0.71380471   0.71343284   0.71230159   0.71294118   0.71294118   0.71328671   0.71161049   0.35107869
  0.45457671   0.33938050   0.35521910   0.68069826   0.36259140   0.41373476   0.57950135   0.41181984   0.56995944   0.33592358   0.35101848   0.67906402   0.35964639   0.41083422   0.57738702   0.40559992   0.56369209   0.33484225   0.34963858   0.67863153   0.35885087   0.40998062   0.57685018   0.40494522   0.56357657   0.44911147   0.45117845   0.44925373   0.45039683   0.45176471   0.45176471   0.45104895   0.44943820   0.48248945
  0.53499910   0.60053737   0.61487831   0.82740928   0.61989982   0.66207647   0.76269269   0.65312380   0.75248264   0.59763806   0.61096577   0.82614003   0.61748901   0.65936642   0.76130752   0.65127096   0.74757760   0.59672056   0.60972266   0.82582104   0.61679853   0.65857315   0.76086341   0.65014837   0.74741910   0.59127625   0.59090909   0.58955224   0.59325397   0.59294118   0.59294118   0.59440559   0.59176030   0.52991755
  0.68722333   0.87044643   0.81298949   0.68812063   0.87040400   0.84381829   0.74122726   0.87231852   0.77804921   0.86961781   0.81019209   0.68516923   0.86955650   0.84177090   0.73919198   0.87063301   0.77300276   0.86928168   0.80925231   0.68427338   0.86929611   0.84110286   0.73858300   0.87035370   0.77267124   0.74474960   0.74579125   0.74477612   0.74404762   0.74588235   0.74588235   0.74475525   0.74531835   0.48705347
  0.34177879   0.43094248   0.44880020   0.72586285   0.45205980   0.50003382   0.63390425   0.49334376   0.62263746   0.42751123   0.44448666   0.72426358   0.44921791   0.49705686   0.63186376   0.48770235   0.61659757   0.42649162   0.44318871   0.72389723   0.44846224   0.49622201   0.63134029   0.48708813   0.61645548   0.78836834   0.78956229   0.78805970   0.79166667   0.79058823   0.79058823   0.79020979   0.79026217   0.40408763
  0.35503433   0.64434817   0.62533646   0.73668355   0.66450347   0.68149499   0.71324865   0.70320401   0.73355421   0.64164299   0.62143526   0.73498491   0.66215647   0.67857023   0.71108236   0.69942679   0.72801643   0.64065158   0.62004939   0.73442701   0.66145071   0.67765279   0.71041942   0.69885067   0.72767045   0.80290792   0.80303030   0.80447761   0.80158730   0.80235294   0.80235294   0.80419580   0.80149813   0.44021654
  0.28453135   0.32757037   0.28738830   0.52624052   0.34259391   0.33870638   0.43561656   0.37170245   0.43150049   0.32338198   0.28147371   0.52149180   0.33898241   0.33481295   0.43147668   0.36464434   0.42291660   0.32205215   0.27952732   0.52006552   0.33801495   0.33367020   0.43030808   0.36381094   0.42248240   0.24878837   0.25084175   0.24925373   0.25000000   0.25176471   0.25176471   0.24825175   0.25093633   0.45951363
  0.42612039   0.79008223   0.72598566   0.66866387   0.80488629   0.78668360   0.72583333   0.83705532   0.77970462   0.78783938   0.72183045   0.66486048   0.80297271   0.78369635   0.72294565   0.83445232   0.77400932   0.78708549   0.72050760   0.66372402   0.80244186   0.78279444   0.72210396   0.83399406   0.77353926   0.95315024   0.95286195   0.95074627   0.95436508   0.95529412   0.95529412   0.95454545   0.95505618   0.58893191
  0.65003162   0.72988702   0.69549261   0.53599459   0.70400900   0.65772507   0.49857365   0.64315370   0.48089225   0.73058273   0.69494553   0.53536851   0.70454764   0.65739181   0.49790544   0.64132197   0.47582413   0.73091264   0.69492100   0.53544434   0.70480238   0.65737171   0.49783215   0.64157394   0.47643438   0.18416801   0.18518519   0.18358209   0.18452381   0.18588235   0.18588235   0.18531469   0.18726592   0.62119774
  0.49949626   0.46987105   0.45363693   0.73250854   0.50516369   0.54701536   0.68949002   0.57849839   0.71337658   0.46574884   0.44856195   0.73053776   0.50170002   0.54346252   0.68730961   0.57315882   0.70771578   0.46437102   0.44685249   0.72993376   0.50071209   0.54237552   0.68667625   0.57239429   0.70739841   0.94345719   0.94444444   0.94477612   0.94444444   0.94588235   0.94588235   0.94405594   0.94382022   0.53996708
  0.32554673   0.98807045   0.89193546   0.66264152   0.97609028   0.91800132   0.74972130   0.95422935   0.79329612   0.98867486   0.89036874   0.66018632   0.97641691   0.91680969   0.74830047   0.95408297   0.78913408   0.98882351   0.88986122   0.65945682   0.97650911   0.91645052   0.74791301   0.95411825   0.78903537   0.73344103   0.73400673   0.73432836   0.73412698   0.73411765   0.73411765   0.73426573   0.73408240   0.44561112
  0.62664720   0.85369873   0.78622911   0.51334053   0.83732472   0.78861045   0.57882790   0.80137797   0.61357764   0.85471875   0.78560387   0.51202937   0.83812374   0.78822952   0.57808602   0.80074677   0.60922725   0.85499668   0.78537640   0.51163721   0.83834343   0.78809579   0.57791113   0.80093469   0.60951554   0.34733441   0.34848485   0.34776119   0.34722222   0.34823529   0.34823529   0.34615385   0.34831461   0.61871106
  0.25000108   0.56953936   0.57736098   0.64432532   0.55837067   0.55427063   0.53627125   0.52303853   0.49142254   0.56842008   0.57516684   0.64331136   0.55741093   0.55283868   0.53486017   0.51899474   0.48534679   0.56814257   0.57461124   0.64319771   0.55726045   0.55248920   0.53459643   0.51885508   0.48563488   0.13247173   0.13299663   0.13134328   0.13293651   0.13411765   0.13411765   0.13286713   0.13483146   0.47232958
  0.45139129   0.82499384   0.83001858   0.83128919   0.84016024   0.87586727   0.86691691   0.87051717   0.89018354   0.82374509   0.82729995   0.82979805   0.83912506   0.87402126   0.86605100   0.86887195   0.88929369   0.82328683   0.82639408   0.82934008   0.83880128   0.87343538   0.86579815   0.86861775   0.88886791   0.77867528   0.77946128   0.77910448   0.77976190   0.78117647   0.78117647   0.77972028   0.77902622   0.51856751
  0.40795649   0.39893918   0.44970686   0.63155584   0.39833425   0.44444443   0.51431416   0.39415572   0.47050000   0.39764165   0.44746483   0.63016233   0.39745528   0.44333154   0.51322738   0.38942938   0.46501099   0.39739670   0.44685249   0.62984964   0.39731071   0.44308970   0.51302298   0.38932724   0.46545614   0.26817448   0.26936027   0.26716418   0.26984127   0.27058824   0.27058824   0.26923077   0.26966292   0.52530662
  0.46227753   0.25287218   0.24754474   0.58751427   0.26301272   0.27275148   0.41923964   0.28408940   0.37808236   0.25017851   0.24442483   0.58658986   0.26053407   0.27048795   0.41721179   0.27780791   0.37581058   0.24928163   0.24334629   0.58642350   0.25984759   0.26980093   0.41666935   0.27729431   0.37549941   0.19709208   0.19865320   0.19701493   0.19841270   0.19764706   0.19764706   0.19580420   0.19850187   0.29642541
  0.29670649   0.53624306   0.52782489   0.74234689   0.55216890   0.57090060   0.65811669   0.58177283   0.64922442   0.53305079   0.52371161   0.74069375   0.54937054   0.56783851   0.65596195   0.57674227   0.64304960   0.53198776   0.52234995   0.74020405   0.54858573   0.56692248   0.65536320   0.57607677   0.64275374   0.70759289   0.70875421   0.70746269   0.70833333   0.70823529   0.70823529   0.70979021   0.70786517   0.38913460
  0.23177512   0.57058181   0.46353267   0.17761325   0.53212115   0.41340792   0.13582080   0.44686705   0.13281765   0.57252099   0.46408024   0.17776308   0.53399625   0.41451457   0.13586126   0.44478059   0.12718812   0.57316206   0.46432375   0.17794656   0.53460847   0.41491100   0.13600238   0.44523811   0.12838027   0.07915994   0.08080808   0.07910448   0.07936508   0.08000000   0.08000000   0.08041958   0.07865168   0.44454654
  0.49076955   0.68911116   0.65382310   0.65327621   0.68690272   0.66614386   0.61729509   0.67805656   0.61796125   0.68795907   0.65129369   0.65159236   0.68575326   0.66416028   0.61540173   0.67498820   0.61215353   0.68748667   0.65040273   0.65103426   0.68540292   0.66352225   0.61480521   0.67466568   0.61199854   0.54119548   0.54208754   0.54179104   0.54166667   0.54117647   0.54117647   0.54195804   0.54307116   0.46462441
  0.73002917   0.80892480   0.78959887   0.75728194   0.80522637   0.79951056   0.74597838   0.79474090   0.74562578   0.80811436   0.78734092   0.75585522   0.80447271   0.79782668   0.74472973   0.79264924   0.74107053   0.80789275   0.78669114   0.75554865   0.80430415   0.79735442   0.74447608   0.79246656   0.74101262   0.99192246   0.99326599   0.99104478   0.99603175   0.99529412   0.99529412   0.99650350   0.99625468   0.38011310
  0.21897138   0.74778432   0.68861008   0.59102652   0.74151873   0.70261382   0.59716915   0.72449622   0.61274267   0.74645718   0.68541756   0.58785888   0.74028812   0.70035153   0.59456542   0.72161186   0.60639076   0.74601392   0.68449168   0.58700355   0.73998765   0.69969208   0.59385392   0.72132038   0.60616507   0.63974152   0.63973064   0.63880597   0.64087302   0.64000000   0.64000000   0.63986014   0.64044944   0.42299054
  0.86007414   0.31561802   0.29629712   0.62235317   0.32740817   0.33088608   0.47491777   0.34730885   0.44158305   0.31245529   0.29267566   0.62099969   0.32459386   0.32822851   0.47270529   0.34122750   0.43437510   0.31126474   0.29129572   0.62055513   0.32371245   0.32734395   0.47206948   0.34229133   0.43424863   0.38287561   0.38215488   0.38208955   0.38095238   0.38352941   0.38352941   0.38111888   0.38202247   0.56211687
  0.54221762   0.72400686   0.68735544   0.67219262   0.73755481   0.73757746   0.70007184   0.76398322   0.73660983   0.72178605   0.68341285   0.66900642   0.73563011   0.73477030   0.69745948   0.76091697   0.73093102   0.72103065   0.68211693   0.66801865   0.73507156   0.73390406   0.69669679   0.76041885   0.73056585   0.57996769   0.58080808   0.58059702   0.58134921   0.58117647   0.58117647   0.58041958   0.58052435   0.38927544
  0.26311934   0.57149644   0.50545005   0.51926777   0.57515789   0.54197172   0.49923353   0.57750705   0.51633119   0.56842008   0.50012180   0.51399969   0.57259807   0.53852819   0.49525923   0.57270832   0.50842316   0.56744408   0.49841233   0.51244545   0.57193912   0.53753082   0.49413038   0.57219059   0.50803848   0.70597738   0.70707071   0.70597015   0.70833333   0.71058824   0.71058824   0.70979021   0.70786517   0.56951306
  0.11164482   0.64271498   0.54704197   0.43600917   0.62340794   0.54501206   0.40458974   0.58342161   0.40751512   0.64183082   0.54404937   0.43269191   0.62567161   0.54318572   0.40187587   0.58015993   0.40028360   0.64147506   0.54300821   0.43163285   0.62524312   0.54261726   0.40110156   0.57998399   0.40025096   0.23101777   0.23232323   0.23134328   0.23015873   0.23058824   0.23058824   0.23076923   0.23220974   0.27851978
  0.52662863   0.48477596   0.48217146   0.64622990   0.49940038   0.52811973   0.59342970   0.52764223   0.59674701   0.48197494   0.47783587   0.64318284   0.49709938   0.52530215   0.59081894   0.52271187   0.59044799   0.48107208   0.47636630   0.64230524   0.49645540   0.52446810   0.59009165   0.52219364   0.59025361   0.65751212   0.65824916   0.65820895   0.65873016   0.65882353   0.65882353   0.66083916   0.65917603   0.55081015
  0.00000000   0.52296148   0.48884410   0.49594748   0.49921449   0.45427211   0.37776168   0.45724264   0.34306850   0.52334461   0.48841328   0.49674850   0.50370767   0.45392942   0.37701430   0.45354964   0.33687654   0.52343806   0.48831630   0.49698494   0.50346041   0.45385678   0.37686782   0.45350957   0.33736470   0.20678514   0.20707071   0.20746269   0.20634921   0.20705882   0.20705882   0.20629371   0.20599251   0.11140422
  0.46469638   0.33170764   0.26954619   0.32832140   0.29703712   0.20513600   0.13159358   0.22290041   0.05983321   0.33181309   0.26826404   0.32673939   0.29695540   0.20490449   0.13002349   0.21780689   0.05106338   0.33191653   0.26790838   0.32642560   0.29701561   0.20487065   0.12971701   0.21786556   0.05167242   0.01938611   0.02188552   0.01940299   0.01984127   0.02117647   0.02117647   0.02097902   0.02247191   0.19998558
  0.47888704   0.93354910   0.79638251   0.56980172   0.93214977   0.85629526   0.68725617   0.93555861   0.76369826   0.93274621   0.79284805   0.56468877   0.93133374   0.85382596   0.68403061   0.93442511   0.75785224   0.93246790   0.79171518   0.56321858   0.93109857   0.85304902   0.68310455   0.93420355   0.75738252   0.96122779   0.96127946   0.95970149   0.96428571   0.96470588   0.96470588   0.96503496   0.96254682   0.58889568
  0.57155511   0.40089173   0.38668706   0.68064802   0.42369629   0.45244560   0.59712778   0.47296041   0.59740943   0.39753823   0.38252356   0.67891639   0.42061860   0.44947205   0.59501052   0.46733464   0.59127732   0.39633904   0.38098084   0.67833824   0.41972132   0.44853647   0.59437626   0.46669800   0.59107315   0.34248788   0.34343434   0.34328358   0.34325397   0.34352941   0.34352941   0.34265734   0.34082397   0.52361817
  0.50577724   0.75976570   0.59096379   0.35299612   0.74113420   0.61018493   0.38997105   0.70284348   0.43548867   0.75873693   0.58754234   0.34801458   0.74007684   0.60770458   0.38598133   0.69991494   0.42721608   0.75835111   0.58638704   0.34651861   0.73977855   0.60695240   0.38482708   0.69960855   0.42680705   0.45718901   0.45791246   0.45820895   0.45833333   0.45882353   0.45882353   0.45804196   0.45692884   0.28237977
  0.36595815   0.76944730   0.61562427   0.43075113   0.76699878   0.66804340   0.50063537   0.76105416   0.56223661   0.76725116   0.61056933   0.42426560   0.76507746   0.66458906   0.49590330   0.75785482   0.55447306   0.76650016   0.60887604   0.42225432   0.76451675   0.66352225   0.49458791   0.75734330   0.55395763   0.76575121   0.76599327   0.76567164   0.76587302   0.76705882   0.76705882   0.76573427   0.76404494   0.36623843
  0.38702329   0.70671255   0.57625005   0.35069546   0.69914564   0.61035927   0.41104191   0.68216479   0.46387619   0.70561063   0.57265371   0.34584364   0.69824280   0.60812714   0.40769077   0.67948930   0.46243281   0.70518837   0.57140744   0.34437006   0.69797148   0.60745461   0.40671739   0.67930428   0.46205448   0.48465267   0.48653199   0.48507463   0.48611111   0.48470588   0.48470588   0.48601399   0.48689139   0.33078868
  0.22845993   0.56583375   0.54024149   0.59122443   0.55493370   0.52956491   0.49771984   0.52459917   0.46894414   0.56454743   0.53766378   0.58969226   0.55376379   0.52779252   0.49571963   0.52033175   0.46235816   0.56413479   0.53681059   0.58929908   0.55348042   0.52725261   0.49522557   0.52002625   0.46242188   0.10016155   0.10101010   0.10000000   0.09920635   0.10117647   0.10117647   0.09790210   0.10112360   0.49236933
  0.71491501   0.33206644   0.28445045   0.56409855   0.35449454   0.35742362   0.48401347   0.40465610   0.49729863   0.32754565   0.27861366   0.56046492   0.35059163   0.35335799   0.48014417   0.39761828   0.48919097   0.32606296   0.27665158   0.55936507   0.34948961   0.35212606   0.47911928   0.39670769   0.48867446   0.82552504   0.82659933   0.82537313   0.82738095   0.82823529   0.82823529   0.82867133   0.82771536   0.38906112
  0.31647809   0.52213294   0.47289466   0.67224618   0.55293230   0.56434463   0.64885712   0.61853307   0.68789103   0.51787743   0.46721455   0.66932416   0.54932793   0.56030918   0.64563361   0.61324376   0.68131375   0.51639057   0.46524906   0.66838799   0.54826236   0.55905357   0.64464973   0.61235542   0.68073322   0.87237480   0.87205387   0.87313433   0.87103175   0.87294118   0.87294118   0.87412587   0.87265918   0.52769195
  0.60420916   0.91118817   0.82052044   0.66877387   0.91294446   0.86835369   0.75098127   0.92269204   0.80844363   0.91031681   0.81742714   0.66513362   0.91209525   0.86611348   0.74852725   0.92137112   0.80337593   0.91001017   0.81643822   0.66405091   0.91186276   0.86549681   0.74791301   0.92115561   0.80298150   0.96445881   0.96464646   0.96268657   0.96626984   0.96705882   0.96705882   0.96853147   0.96629214   0.62051589
  0.58282477   0.47109207   0.44435758   0.57846547   0.47946690   0.47593653   0.50146864   0.49647031   0.50334307   0.46836261   0.44058642   0.57629832   0.47719884   0.47318411   0.49862534   0.49121109   0.49614427   0.46751054   0.43933999   0.57563587   0.47655943   0.47237030   0.49792104   0.49066271   0.49597305   0.52180937   0.52188552   0.52089552   0.52380952   0.52470588   0.52470588   0.52447552   0.52434457   0.41770786
  0.79692688   0.52595832   0.44656755   0.43075113   0.51078643   0.44114946   0.35478731   0.47568602   0.34267402   0.52405391   0.44284051   0.42687545   0.50921741   0.43877930   0.35145267   0.47080473   0.33460681   0.52350526   0.44168982   0.42581634   0.50883261   0.43811639   0.35056814   0.47042758   0.33465760   0.07592892   0.07744108   0.07462687   0.07738095   0.07764706   0.07764706   0.07692308   0.07865168   0.38438805
  0.52446765   0.62267488   0.43200747   0.00000000   0.57561614   0.39269725   0.00000000   0.47480414   0.03429215   0.62513906   0.43326760   0.00000000   0.57791189   0.39419183   0.00000000   0.47302864   0.02729973   0.62582689   0.43361747   0.00000000   0.57853539   0.39460132   0.00000000   0.47350306   0.02821533   0.06300485   0.06397306   0.06417910   0.06349206   0.06352941   0.06352941   0.06293706   0.06367041   0.04165808
  0.37345827   0.47199498   0.39164478   0.44930822   0.46687735   0.41075301   0.37750115   0.45556042   0.36561717   0.46864756   0.38624494   0.44390288   0.46400284   0.40714086   0.37294312   0.44942107   0.36848745   0.46759039   0.38444840   0.44230777   0.46325324   0.40601808   0.37166758   0.44869752   0.36882377   0.30856220   0.30976431   0.30895522   0.30952381   0.31058823   0.31058823   0.31118881   0.31086142   0.47311563
  0.25912204   0.67558245   0.61035844   0.56214143   0.66267900   0.60886739   0.51612295   0.63402056   0.51471819   0.67372682   0.60689259   0.55902685   0.66095859   0.60616817   0.51290895   0.62993245   0.50809242   0.67324463   0.60592289   0.55829467   0.66059139   0.60551545   0.51207793   0.62953835   0.50799187   0.73344103   0.73569024   0.73283582   0.73809524   0.73882353   0.73882353   0.73776224   0.73782772   0.63149435
  0.60991766   0.66772376   0.62135054   0.70829431   0.68317207   0.67894024   0.69438661   0.71481631   0.72016352   0.66491696   0.61696189   0.70569455   0.68069911   0.67576713   0.69170483   0.71100978   0.71422445   0.66394751   0.61546646   0.70489724   0.67998034   0.67478132   0.69090740   0.71041404   0.71373967   0.84168013   0.84175084   0.84179105   0.84126984   0.84235294   0.84235294   0.84265734   0.84269663   0.56142247
  0.73840567   0.65209822   0.58773719   0.52329715   0.64927932   0.61139880   0.52115591   0.64173541   0.54404121   0.65034126   0.58410924   0.51956471   0.64781069   0.60888322   0.51813489   0.63818886   0.53746216   0.64977163   0.58293164   0.51846973   0.64738299   0.60820316   0.51726255   0.63782740   0.53740848   0.62520194   0.62626263   0.62388060   0.62500000   0.62588235   0.62588235   0.62587413   0.62546817   0.48194274
  0.10349385   0.83895381   0.73246430   0.60739774   0.84258660   0.78763761   0.67701209   0.85700553   0.73666169   0.83740909   0.72862830   0.60326096   0.84221934   0.78485286   0.67387548   0.85485930   0.73062276   0.83684180   0.72738836   0.60196122   0.84173303   0.78400357   0.67295417   0.85447089   0.73010610   0.90145396   0.90235690   0.90298508   0.90079365   0.90117647   0.90117647   0.90209790   0.89887640   0.42923647
  0.59053548   0.27668074   0.26739967   0.54874228   0.28136690   0.28592611   0.39877656   0.29305647   0.36595215   0.27473286   0.26474644   0.54745676   0.27968353   0.28426231   0.39700105   0.28706790   0.35913460   0.27409596   0.26383744   0.54709463   0.27926941   0.28377646   0.39657373   0.28670427   0.35939030   0.00969305   0.01178451   0.01044776   0.01190476   0.01176471   0.01176471   0.01048951   0.01123596   0.49304803
  0.68318955   0.65823292   0.59234241   0.65383140   0.66255360   0.62660816   0.60792093   0.67196697   0.62140978   0.65554546   0.58815236   0.65104786   0.66013862   0.62340721   0.60478229   0.66769643   0.61429354   0.65468025   0.58681396   0.65031302   0.65947999   0.62245279   0.60389542   0.66710061   0.61380509   0.85460420   0.85690236   0.85373134   0.85714286   0.85882353   0.85882353   0.85664336   0.85767790   0.64042391
  0.34519584   0.52479295   0.49579034   0.58505074   0.52350659   0.50700466   0.50266206   0.51866800   0.49229258   0.52244859   0.49232677   0.58301158   0.52145301   0.50445499   0.49996369   0.51357175   0.48504947   0.52170920   0.49125180   0.58239146   0.52091496   0.50370684   0.49924662   0.51304107   0.48487508   0.30048465   0.30134680   0.30000000   0.30158730   0.30117647   0.30117647   0.30069930   0.30337079   0.37881746
  0.47130309   0.54527963   0.47326187   0.62320972   0.57372158   0.56648372   0.61892621   0.63504273   0.66769876   0.54101674   0.46721455   0.61893550   0.57014945   0.56227638   0.61516270   0.62987242   0.66058358   0.53955946   0.46514661   0.61759071   0.56909070   0.56098350   0.61402360   0.62903459   0.65992321   0.97253635   0.97138047   0.97164179   0.97222222   0.97176471   0.97176471   0.97202797   0.97003745   0.43674289
  0.50991296   0.54152216   0.47487388   0.53788852   0.54378326   0.50471877   0.48164043   0.54544853   0.48946826   0.53887648   0.47061590   0.53435843   0.54156434   0.50178574   0.47824734   0.54085096   0.48184247   0.53809130   0.46927360   0.53340544   0.54098998   0.50097220   0.47744751   0.54042165   0.48159545   0.61066236   0.61279461   0.61044776   0.61309524   0.61411765   0.61411765   0.61188811   0.61423221   0.47821162
  0.20946512   0.72541088   0.67137456   0.57759134   0.71098836   0.66425678   0.55029928   0.67850120   0.54914069   0.72548322   0.66997437   0.57650998   0.71090603   0.66334524   0.54919471   0.67629900   0.54471490   0.72545244   0.66953150   0.57626422   0.71092457   0.66309541   0.54894479   0.67628283   0.54507651   0.32633280   0.32828283   0.32686567   0.32738095   0.32705882   0.32705882   0.32517483   0.32584270   0.51415496
  0.41363615   0.63599496   0.48418639   0.25332307   0.60482897   0.46686594   0.22714880   0.53511719   0.23701151   0.63546421   0.48153212   0.24944036   0.60432506   0.46531102   0.22409515   0.53171076   0.23173937   0.63529333   0.48069845   0.24843187   0.60424479   0.46488177   0.22320864   0.53162937   0.23212117   0.21324717   0.21380471   0.21343284   0.21428571   0.21411765   0.21411765   0.21328671   0.21348315   0.17666487
  0.49727574   0.48473990   0.43549835   0.52339632   0.48120526   0.44595734   0.43102676   0.47488483   0.42255379   0.48361110   0.43347543   0.52246088   0.48011503   0.44440414   0.42918659   0.47039524   0.41596438   0.48305302   0.43260134   0.52206528   0.47971779   0.44383645   0.42860419   0.47002789   0.41600427   0.18739903   0.18855219   0.18805970   0.18650794   0.18823529   0.18823529   0.18531469   0.18726592   0.45001493
  0.45980243   0.69209001   0.57160609   0.46032897   0.68959404   0.61352957   0.48841680   0.68392573   0.52793473   0.68970071   0.56659440   0.45456342   0.68757122   0.61021319   0.48415455   0.68017090   0.52390927   0.68894131   0.56497644   0.45285289   0.68701347   0.60927449   0.48299968   0.67970720   0.52422926   0.42972536   0.43097643   0.42835821   0.43055556   0.43294118   0.43294118   0.43006993   0.43071161   0.58235615
  0.47227526   0.84569776   0.73949038   0.63514972   0.83055172   0.75234936   0.63320296   0.80251217   0.64932508   0.84489858   0.73647173   0.63206178   0.82962740   0.75007053   0.63057697   0.80013903   0.64285226   0.84461723   0.73549563   0.63117617   0.82936199   0.74938074   0.62982359   0.79981503   0.64246039   0.89499192   0.89393939   0.89402985   0.89484127   0.89647059   0.89647059   0.89510490   0.89513109   0.57476362
  0.53040064   0.65052758   0.46690656   0.17106940   0.62591708   0.47503512   0.19754853   0.57333433   0.24057535   0.65011728   0.46434474   0.16672239   0.62557301   0.47354850   0.19441599   0.57045251   0.23988673   0.64993677   0.46344295   0.16544872   0.62548571   0.47308885   0.19354239   0.57043223   0.24152065   0.38772213   0.38888889   0.38805970   0.38888889   0.38823529   0.38823529   0.38811189   0.38951311   0.13735336
  0.44638808   0.00000000   0.00000000   0.43184605   0.00000000   0.00000000   0.18974244   0.00000000   0.12496409   0.00000000   0.00000000   0.43315513   0.00000000   0.00000000   0.18975977   0.00000000   0.12059889   0.00000000   0.00000000   0.43375835   0.00000000   0.00000000   0.18987440   0.00000000   0.12198126   0.15831987   0.15993266   0.15820896   0.15873016   0.16000000   0.16000000   0.15734266   0.16104869   0.78512357
  0.66641002   0.83872742   0.69607811   0.39587530   0.81061544   0.69718476   0.43966514   0.75456708   0.47361474   0.83976218   0.69515630   0.39397319   0.81131274   0.69654253   0.43809735   0.75354099   0.47270756   0.84001105   0.69471311   0.39333660   0.81152999   0.69628712   0.43761201   0.75365349   0.47292851   0.37641357   0.37710438   0.37611940   0.37500000   0.37647059   0.37647059   0.37412587   0.37453183   0.56010754
  0.27474652   0.62069427   0.60726295   0.69158859   0.62752499   0.63480754   0.64420830   0.64181812   0.64899755   0.61883642   0.60432747   0.69010549   0.62586842   0.63263751   0.64251281   0.63902579   0.64339401   0.61827795   0.60344605   0.68977810   0.62548571   0.63201618   0.64208057   0.63885510   0.64331360   0.91276252   0.91414141   0.91194030   0.91468254   0.91529412   0.91529412   0.91608392   0.91385768   0.65020124
  0.67325106   0.44364640   0.42240858   0.64681543   0.45563528   0.46572318   0.55697156   0.48278747   0.55211882   0.44094150   0.41879881   0.64516113   0.45326191   0.46309338   0.55473208   0.47738874   0.54569554   0.43995986   0.41741920   0.64458832   0.45254584   0.46222966   0.55408361   0.47673220   0.54549476   0.59450727   0.59427609   0.59402985   0.59325397   0.59529412   0.59529412   0.59440559   0.59176030   0.50773466
  0.52275164   0.17814076   0.14506847   0.41543713   0.16546832   0.12365174   0.19999870   0.14085170   0.13853566   0.17792771   0.14427789   0.41523832   0.16518481   0.12345988   0.19889933   0.13502211   0.13144657   0.17772524   0.14389527   0.41521519   0.16505910   0.12334541   0.19868697   0.13492124   0.13211130   0.13893376   0.13973064   0.13880597   0.13888889   0.13882353   0.13882353   0.13986014   0.13857678   0.26744624
  0.45642797   0.42535045   0.40542902   0.67240672   0.44032523   0.45151937   0.56981261   0.47439912   0.56005207   0.42223860   0.40168317   0.67090164   0.43755369   0.44866658   0.56765851   0.46853826   0.55351481   0.42111220   0.40027974   0.67042739   0.43668665   0.44774046   0.56700985   0.46776457   0.55327649   0.59935380   0.60101010   0.60000000   0.59920635   0.60000000   0.60000000   0.59790210   0.59925094   0.43988481
  0.59874136   0.80524799   0.71000289   0.52016822   0.79095362   0.72371955   0.55457211   0.76375080   0.58786842   0.80473861   0.70745593   0.51693486   0.79040119   0.72188695   0.55205279   0.76155697   0.58241042   0.80457765   0.70662681   0.51603999   0.79023168   0.72135000   0.55137004   0.76142409   0.58236068   0.51050081   0.51178451   0.51044776   0.51190476   0.51294118   0.51294118   0.51398601   0.51310861   0.61774611
  0.43810131   0.83442837   0.72164494   0.55557282   0.82213643   0.74378800   0.59049145   0.80184255   0.62929894   0.83360317   0.71861725   0.55197696   0.82121383   0.74146186   0.58742651   0.79948427   0.62268115   0.83330307   0.71764685   0.55080631   0.82094558   0.74076161   0.58655145   0.79918661   0.62227621   0.79321486   0.79292929   0.79253731   0.79365079   0.79529412   0.79529412   0.79370629   0.79400749   0.61079202
  0.76588091   0.45579287   0.40899807   0.53422543   0.45974501   0.44173906   0.46015145   0.47254317   0.46632202   0.45340230   0.40545898   0.53174034   0.45780270   0.43920195   0.45745969   0.46737383   0.45909469   0.45260433   0.40426739   0.53105770   0.45720962   0.43848665   0.45673081   0.46688978   0.45899009   0.62035541   0.62121212   0.62089552   0.62103175   0.62352941   0.62352941   0.62237762   0.62172285   0.48957694
  0.33626801   0.80702249   0.73214638   0.64603414   0.80627879   0.76765998   0.67667270   0.81032564   0.71532708   0.80556643   0.72878532   0.64273206   0.80492489   0.76512588   0.67400153   0.80778034   0.70931936   0.80510821   0.72770100   0.64185678   0.80454887   0.76440719   0.67326825   0.80742824   0.70899003   0.81583199   0.81649832   0.81492537   0.81944444   0.81882353   0.81882353   0.81818182   0.81647940   0.54246480
  0.30139017   0.65223410   0.45344988   0.06063699   0.61231892   0.43515375   0.07464398   0.52687782   0.10979212   0.65364206   0.45313984   0.05898391   0.61369292   0.43557462   0.07347700   0.52527293   0.11005024   0.65410969   0.45310937   0.05861264   0.61412814   0.43577026   0.07321833   0.52571486   0.11261143   0.04038772   0.04208754   0.04029851   0.04166667   0.04235294   0.04235294   0.04195804   0.04119850   0.46502326
  0.60687097   0.59442857   0.59641546   0.75153243   0.60504020   0.63142763   0.69337524   0.62823159   0.69082339   0.59231312   0.59327866   0.75033625   0.60312257   0.62915756   0.69184982   0.62415706   0.68559591   0.59154561   0.59217328   0.74994714   0.60253545   0.62843630   0.69139456   0.62366690   0.68547194   0.67043619   0.67003367   0.67014925   0.67063492   0.67058823   0.67058823   0.67132867   0.67041198   0.49196769
  0.38847318   0.17173030   0.12688822   0.43168074   0.16754726   0.13334384   0.24353752   0.16432606   0.20088599   0.17096094   0.12503430   0.43038295   0.16677926   0.13256267   0.24211187   0.15833193   0.19376545   0.17064337   0.12440530   0.43006285   0.16656630   0.13230262   0.24169579   0.15811885   0.19430094   0.28109855   0.28282828   0.28059702   0.28174603   0.28235294   0.28235294   0.27972028   0.28089888   0.36852827
  0.74260472   0.61276394   0.54253514   0.63220999   0.63570482   0.62828956   0.65153565   0.68679879   0.70270709   0.60926178   0.53693797   0.62773148   0.63279649   0.62448450   0.64807866   0.68251335   0.69621851   0.60805142   0.53506820   0.62636700   0.63192308   0.62338085   0.64703581   0.68185276   0.69570685   0.92084007   0.92087542   0.92089552   0.92261905   0.92235294   0.92235294   0.92307692   0.92134832   0.53637098
  0.60036562   0.27833164   0.24907640   0.44785269   0.27263007   0.25020282   0.30194882   0.26429644   0.27058639   0.27781600   0.24735228   0.44613191   0.27218214   0.24948445   0.30052936   0.25914067   0.26393944   0.27751183   0.24665956   0.44563070   0.27199823   0.24921645   0.30011456   0.25901799   0.26443313   0.23747981   0.23737374   0.23731343   0.23611111   0.23764706   0.23764706   0.23776224   0.23595506   0.36494534
  0.72707308   0.59320445   0.38646159   0.09486900   0.53806460   0.32938030   0.00886281   0.42456485   0.00000000   0.59471299   0.38676682   0.09376299   0.53946094   0.33001932   0.00776947   0.42300225   0.00000000   0.59523457   0.38690605   0.09361797   0.53990677   0.33023340   0.00754477   0.42344476   0.00000000   0.10339257   0.10437710   0.10298508   0.10515873   0.10588235   0.10588235   0.10489511   0.10486891   0.43717752
  0.33338559   0.20016502   0.14937475   0.41916275   0.19050940   0.14200186   0.22369612   0.17295883   0.17216193   0.19845562   0.14668339   0.41726675   0.18892104   0.14049707   0.22145253   0.16616810   0.16390970   0.19785606   0.14573192   0.41669383   0.18848691   0.13998473   0.22078454   0.16574217   0.16417306   0.24071082   0.24242424   0.24179105   0.24206349   0.24235294   0.24235294   0.24125874   0.23970037   0.16642111
  0.38138444   0.56251434   0.53009699   0.64511675   0.57377610   0.57205490   0.59495643   0.59886176   0.60897102   0.55967307   0.52629170   0.64318284   0.57140508   0.56923766   0.59248008   0.59431017   0.60251642   0.55882502   0.52511829   0.64268845   0.57078223   0.56843365   0.59182371   0.59378905   0.60228016   0.74151858   0.74242424   0.74029851   0.74404762   0.74352941   0.74352941   0.74475525   0.74531835   0.53349026
  0.31399321   0.50611373   0.41694098   0.35389336   0.47650043   0.38046699   0.24654579   0.41619561   0.21984654   0.50604962   0.41560690   0.35231006   0.47646074   0.37987994   0.24485744   0.41210733   0.21305222   0.50601706   0.41514453   0.35188299   0.47648343   0.37969992   0.24438845   0.41206286   0.21355545   0.09854604   0.09932660   0.09701493   0.09722222   0.09882353   0.09882353   0.09790210   0.09737828   0.38153411
  0.25278490   0.28534207   0.20709867   0.44465291   0.30267821   0.27654862   0.37007639   0.34465163   0.38742254   0.28027298   0.20031860   0.43906515   0.29844742   0.27203468   0.36515265   0.33681945   0.38265169   0.27875144   0.19814040   0.43741371   0.29728799   0.27073952   0.36381354   0.33583521   0.38200441   0.64135703   0.64141414   0.64029851   0.64285714   0.64470588   0.64470588   0.64335664   0.64419476   0.25933417
